1 101 5
1 102 3
1 10 3
1 103 5
1 104 2
1 105 5
1 106 5
1 107 5
1 108 5
1 109 3
1 110 4
1 111 5
1 112 4
1 113 5
1 11 4
1 114 5
1 115 5
1 116 5
1 117 5
1 118 5
1 119 3
1 120 5
1 121 2
1 122 4
1 123 3
1 124 5
1 12 5
1 125 4
1 126 5
1 127 5
1 128 5
1 129 5
1 130 5
1 131 4
1 132 5
1 133 5
1 134 5
1 13 5
1 135 3
1 136 4
1 137 5
1 138 5
1 139 4
1 140 5
1 141 4
1 142 4
1 14 3
1 143 5
1 144 4
1 145 5
1 146 5
1 147 5
1 148 1
1 149 5
1 1 5
1 150 5
1 151 5
1 152 5
1 153 5
1 15 4
1 154 4
1 155 3
1 156 2
1 157 5
1 158 4
1 159 5
1 160 2
1 161 5
1 162 5
1 163 2
1 16 4
1 164 5
1 165 4
1 166 5
1 167 3
1 168 5
1 169 5
1 170 2
1 171 4
1 172 4
1 173 5
1 17 4
1 174 4
1 175 3
1 176 4
1 177 3
1 178 5
1 179 3
1 180 5
1 181 5
1 182 1
1 183 4
1 184 5
1 18 5
1 185 5
1 186 1
1 187 4
1 188 3
1 189 4
1 190 3
1 191 3
1 192 5
1 19 3
1 193 5
1 194 4
1 195 4
1 196 3
1 197 4
1 198 5
1 199 3
1 200 3
1 20 1
1 201 4
1 202 2
1 203 5
1 204 3
1 205 2
1 206 5
1 207 5
1 208 3
1 209 5
1 210 4
1 211 4
1 212 3
1 21 3
1 213 4
1 214 5
1 215 4
1 216 3
1 217 5
1 218 5
1 219 5
1 220 5
1 221 3
1 222 5
1 223 4
1 224 3
1 22 5
1 225 1
1 226 2
1 227 4
1 228 5
1 229 5
1 230 3
1 231 4
1 232 1
1 23 3
1 233 5
1 234 2
1 24 1
1 2 5
1 25 5
1 26 5
1 27 1
1 28 5
1 29 2
1 30 5
1 31 5
1 32 5
1 33 1
1 34 4
1 3 5
1 35 3
1 36 2
1 37 3
1 38 5
1 39 2
1 40 4
1 41 5
1 42 4
1 43 5
1 4 4
1 44 3
1 45 3
1 46 5
1 47 3
1 48 5
1 49 2
1 50 2
1 51 5
1 52 5
1 53 3
1 54 1
1 5 5
1 55 3
1 56 5
1 57 5
1 58 5
1 59 5
1 60 5
1 61 5
1 62 4
1 63 2
1 64 4
1 6 5
1 65 1
1 66 4
1 67 5
1 68 3
1 69 5
1 70 5
1 71 5
1 72 5
1 7 3
1 73 4
1 74 2
1 75 3
1 76 3
1 77 5
1 78 3
1 79 4
1 80 5
1 81 4
1 82 5
1 8 3
1 83 5
1 84 4
1 85 2
1 86 5
1 87 2
1 88 5
1 89 5
1 90 5
1 91 4
1 92 3
1 93 4
1 94 3
1 9 5
1 95 5
1 96 4
1 97 5
1 98 4
1 99 3
2 235 4
2 236 5
2 237 5
2 238 2
2 239 5
2 240 5
2 241 3
2 242 5
2 243 4
2 244 5
2 245 5
2 246 5
2 247 5
2 248 4
2 249 5
2 250 5
2 251 5
2 252 4
2 253 4
2 254 4
2 255 2
2 256 5
2 257 4
2 258 5
2 259 5
2 260 4
2 261 3
2 262 5
2 263 5
2 264 5
2 265 5
2 266 2
2 267 3
2 268 2
2 269 5
2 270 3
2 271 5
2 272 5
2 273 5
2 274 5
2 275 5
2 276 4
2 277 5
2 278 5
2 279 3
2 280 4
2 281 5
2 282 5
2 283 4
2 284 5
2 285 5
2 286 5
2 287 4
2 288 5
2 289 5
2 290 5
2 291 5
2 292 2
2 293 5
2 294 5
2 295 4
2 296 3
3 297 5
3 298 5
3 299 4
3 300 3
3 301 5
3 302 3
3 303 5
3 304 5
3 305 5
3 306 4
3 307 5
3 308 4
3 309 5
3 310 4
3 311 5
3 312 4
3 313 4
3 314 5
3 315 5
3 316 4
3 317 5
4 318 4
4 319 4
4 320 5
4 321 5
4 322 4
4 323 5
4 324 4
4 325 5
4 326 4
4 327 4
4 328 5
4 329 5
4 330 4
4 331 2
4 332 5
4 333 4
4 334 3
4 335 4
4 336 5
4 337 4
4 338 4
4 339 5
4 340 5
4 341 4
4 342 4
4 343 4
4 344 4
4 345 5
4 346 4
4 347 4
4 348 4
4 349 5
4 350 5
4 351 5
4 352 5
4 353 2
4 354 4
4 355 5
5 356 5
5 357 5
5 358 5
5 359 3
5 360 5
5 361 5
5 362 4
5 363 3
5 364 5
5 365 4
5 366 4
5 367 2
5 368 4
5 369 4
5 370 5
5 371 4
5 372 2
5 373 5
5 374 5
5 375 4
5 376 4
5 377 5
5 378 3
5 379 4
5 380 5
5 381 4
5 382 4
5 383 5
5 384 5
5 385 5
5 386 5
5 387 5
5 388 5
5 389 5
5 390 1
5 391 5
5 392 4
5 393 4
5 394 4
6 395 5
6 396 5
6 397 5
6 398 4
6 399 1
6 400 4
6 401 4
6 402 5
6 403 5
7 213 4
7 232 4
7 386 4
7 387 5
7 404 5
7 405 5
7 406 4
7 407 5
7 408 4
7 409 2
7 410 5
7 411 1
7 412 4
7 413 5
7 414 5
7 415 4
7 416 4
7 417 2
7 418 5
7 419 5
7 420 5
7 421 4
7 422 4
7 423 5
7 424 4
7 425 3
7 426 5
7 427 5
7 428 5
7 429 4
7 430 3
7 431 5
7 432 4
7 433 4
7 434 4
7 435 4
7 436 1
7 437 4
7 438 5
7 439 4
7 440 4
7 441 5
7 442 5
7 443 2
7 444 3
7 445 4
7 446 4
7 447 4
7 448 5
7 449 4
7 450 5
7 451 4
7 452 4
7 453 4
7 454 5
7 455 4
7 456 3
7 457 4
7 458 4
7 459 4
7 460 4
7 461 4
7 462 4
7 463 3
7 464 4
7 465 5
7 466 4
7 467 5
7 468 5
7 469 5
7 470 5
7 471 5
7 472 4
7 473 4
7 474 5
7 475 4
7 476 1
7 477 1
7 478 4
7 479 4
7 480 4
7 481 4
7 482 4
7 483 5
7 484 4
7 485 5
7 486 5
7 487 5
7 488 4
7 489 4
7 490 4
7 491 5
7 492 5
7 493 4
7 494 4
7 495 4
7 496 4
7 497 1
7 498 4
7 499 5
7 500 4
7 501 4
7 502 5
7 503 5
7 504 4
7 505 5
7 506 4
7 507 5
7 508 3
7 509 4
7 510 4
7 511 4
7 512 4
7 513 4
7 514 4
7 515 4
7 516 4
7 517 2
7 518 4
7 519 4
7 520 5
7 521 5
7 522 5
7 523 5
7 524 5
7 525 4
7 526 5
7 527 5
7 528 4
7 529 5
7 530 5
7 531 5
7 532 4
7 533 5
7 534 5
7 535 2
7 536 4
7 537 4
7 538 4
7 539 4
7 540 4
7 541 5
7 542 3
7 543 4
7 544 4
7 545 4
7 546 4
7 547 4
7 548 4
7 549 4
7 550 4
7 551 4
7 552 4
7 553 4
7 554 4
7 555 4
7 556 5
7 557 4
7 558 4
7 559 3
7 560 3
7 561 4
7 562 4
7 563 4
7 564 5
7 565 4
7 566 4
7 567 4
7 568 4
7 569 4
7 570 4
7 571 4
7 572 4
7 573 4
7 574 4
7 575 4
7 576 4
7 577 5
7 578 4
7 579 4
7 580 4
7 581 4
7 582 4
7 583 3
7 584 4
7 585 3
7 586 4
7 587 4
7 588 5
7 589 4
7 590 4
7 591 4
7 592 2
7 593 4
7 594 4
7 595 4
7 596 3
7 597 4
7 598 4
7 599 5
7 600 4
7 601 4
7 602 5
7 603 5
7 604 4
7 605 4
7 606 4
7 607 1
7 608 5
7 609 4
7 610 4
7 611 4
7 612 4
7 613 4
7 614 4
7 615 4
7 616 4
7 617 4
7 618 4
7 619 4
7 620 4
8 621 3
8 622 4
8 623 1
8 624 5
8 625 5
8 626 3
8 627 5
8 628 5
8 629 3
8 630 4
8 631 2
8 632 5
8 633 2
8 634 5
8 635 5
8 636 4
8 637 4
8 638 4
8 639 3
8 640 5
8 641 4
8 642 4
8 643 4
8 644 4
8 645 3
8 646 3
8 647 4
9 296 4
9 528 5
9 648 4
9 649 5
9 650 2
9 651 5
9 652 4
9 653 4
9 654 5
9 655 2
9 656 3
9 657 5
9 658 4
9 659 5
9 660 5
9 661 5
9 662 4
9 663 5
9 664 5
9 665 4
9 666 4
9 667 5
9 668 5
9 669 4
9 670 4
9 671 5
9 672 2
9 673 5
9 674 1
9 675 4
9 676 5
9 677 5
9 678 4
9 679 4
9 680 5
9 681 2
9 682 1
9 683 5
9 684 5
9 685 5
9 686 5
9 687 1
9 688 1
9 689 5
9 690 2
9 691 5
9 692 4
9 693 4
9 694 5
9 695 4
9 696 4
9 697 2
9 698 5
9 699 5
9 700 5
9 701 2
9 702 5
9 703 5
9 704 3
9 705 5
9 706 3
9 707 3
9 708 5
9 709 5
9 710 5
9 711 3
9 712 4
9 713 5
9 714 3
9 715 3
9 716 2
9 717 2
9 718 5
9 719 5
9 720 4
9 721 5
9 722 5
9 723 5
9 724 2
9 725 5
9 726 5
9 727 5
9 728 5
9 729 5
9 730 4
9 731 2
9 732 5
9 733 5
9 734 5
9 735 1
9 736 5
10 737 5
10 738 5
10 739 5
10 740 5
10 741 5
10 742 4
10 743 5
10 744 1
10 745 5
10 746 5
10 747 2
10 748 5
10 749 5
10 750 5
10 751 5
10 752 3
10 753 5
10 754 5
10 755 5
10 756 4
11 757 5
11 758 4
11 759 5
11 760 3
11 761 4
11 762 3
11 763 1
11 764 5
11 765 5
11 766 3
11 767 5
11 768 5
11 769 3
11 770 5
11 771 4
11 772 1
11 773 5
11 774 3
11 775 3
11 776 2
11 777 3
11 778 4
11 779 4
11 780 4
11 781 2
11 782 2
11 783 5
11 784 5
11 785 5
11 786 1
11 787 3
11 788 3
11 789 4
11 790 4
11 791 5
11 792 3
11 793 5
11 794 5
11 795 5
11 796 5
11 797 4
11 798 5
11 799 5
11 800 4
11 801 1
11 802 1
11 803 5
11 804 4
11 805 3
11 806 2
11 807 3
11 808 2
11 809 5
11 810 3
11 811 5
11 812 5
11 813 4
11 814 5
11 815 5
11 816 5
11 817 5
11 818 4
11 819 3
11 820 5
11 821 3
11 822 5
11 823 3
11 824 5
11 825 5
11 826 4
11 827 5
11 828 5
11 829 5
11 830 2
11 831 3
11 832 1
11 833 5
11 834 4
11 835 5
11 836 5
11 837 5
11 838 5
11 839 5
11 840 4
11 841 5
11 842 4
11 843 5
11 844 5
11 845 1
11 846 3
11 847 4
11 848 4
12 545 5
12 849 5
12 850 5
12 851 5
12 852 5
12 853 5
12 854 5
12 855 5
12 856 5
12 857 5
12 858 5
12 859 4
12 860 5
12 861 5
12 862 5
12 863 4
12 864 5
12 865 5
12 866 4
12 867 4
12 868 3
12 869 4
12 870 5
12 871 3
12 872 5
12 873 4
13 874 5
13 875 5
13 876 4
13 877 5
13 878 5
13 879 4
13 880 5
13 881 4
13 882 5
13 883 3
13 884 5
13 885 5
13 886 5
13 887 1
13 888 5
13 889 3
13 890 5
13 891 4
13 892 3
13 893 3
13 894 5
13 895 5
14 896 4
14 897 5
14 898 4
14 899 5
14 900 4
14 901 4
14 902 4
14 903 5
14 904 2
14 905 3
14 906 5
14 907 3
14 908 5
14 909 2
14 910 5
14 911 3
14 912 1
14 913 3
14 914 1
14 915 4
14 916 2
14 917 5
14 918 4
14 919 4
14 920 3
14 921 5
14 922 1
14 923 3
14 924 4
14 925 3
14 926 4
14 927 4
14 928 5
14 929 4
14 930 4
14 931 3
14 932 3
14 933 2
14 934 4
14 935 4
14 936 3
14 937 5
14 938 3
14 939 5
14 940 5
14 941 4
14 942 5
14 943 2
14 944 2
14 945 3
14 946 4
14 947 4
14 948 5
14 949 4
14 950 5
14 951 2
14 952 3
15 44 5
15 61 5
15 69 4
15 79 4
15 953 2
15 954 4
15 955 4
15 956 1
15 957 3
15 958 5
15 959 3
15 960 1
15 961 4
15 962 4
15 963 3
15 964 5
15 965 4
15 966 3
15 967 5
15 968 3
15 969 2
15 970 5
15 971 4
15 972 5
15 973 5
15 974 4
15 975 5
15 976 2
15 977 5
15 978 5
15 979 5
15 980 5
15 981 4
15 982 5
15 983 4
15 984 4
15 985 2
15 986 4
15 987 4
15 988 5
15 989 5
15 990 4
15 991 4
15 992 4
15 993 4
15 994 4
15 995 2
15 996 4
15 997 4
15 998 5
15 999 5
16 1000 5
16 1001 5
16 1002 5
16 1003 2
16 1004 4
16 1005 5
16 1006 4
16 1007 4
16 1008 4
16 1009 4
16 1010 5
16 1011 5
16 1012 4
16 1013 4
16 1014 4
16 1015 4
16 1016 3
16 1017 4
16 1018 4
16 1019 5
16 1020 5
16 1021 4
16 1022 4
16 1023 4
16 1024 4
16 1025 1
16 1026 5
16 1027 5
16 1028 4
16 1029 4
16 1030 4
16 1031 4
16 1032 5
16 1033 5
16 1034 5
16 1035 4
16 1036 3
16 1037 4
16 1038 4
16 1039 4
16 1040 4
16 1041 5
16 1042 4
16 1043 5
16 1044 4
16 1045 5
16 1046 4
16 1047 4
16 1048 5
16 1049 5
16 1050 4
16 1051 4
16 1052 4
16 1053 3
16 1054 4
16 1055 4
16 1056 4
16 1057 4
16 1058 4
16 1059 5
16 1060 5
16 1061 3
16 1062 5
16 1063 4
16 1064 4
16 1065 5
16 1066 5
16 1067 4
16 1068 2
16 1069 4
16 1070 4
16 1071 2
16 1072 3
16 1073 4
16 1074 2
16 1075 2
16 1076 2
16 1077 1
16 1078 3
16 1079 1
16 1080 4
16 1081 3
16 1082 4
16 1083 2
16 1084 2
16 1085 4
16 1086 4
16 1087 4
16 1088 3
16 1089 5
16 1090 4
16 1091 5
16 1092 4
16 1093 3
16 1094 3
16 1095 4
16 1096 1
16 1097 1
16 1098 2
16 1099 5
16 1100 3
16 1101 4
16 1102 3
16 1103 4
16 1104 1
16 1105 3
16 1106 5
16 1107 4
16 1108 5
16 1109 4
16 1110 4
16 1111 5
16 1112 4
16 1113 3
16 1114 5
16 1115 4
16 1116 2
16 1117 5
16 1118 3
16 1119 4
16 1120 2
16 1121 4
16 1122 1
16 1123 4
16 1124 3
16 1125 5
16 1126 4
16 1127 4
16 233 4
16 363 3
16 390 2
16 660 1
18 1128 3
18 1129 5
18 1130 5
18 1131 4
18 1132 5
18 1133 3
18 1134 4
19 1135 5
19 1136 5
19 1137 4
19 1138 5
19 1139 4
19 1140 4
19 1141 5
19 1142 5
19 1143 5
19 1144 4
19 1145 4
19 1146 5
20 1129 3
20 1147 5
20 1148 4
20 1149 3
20 1150 2
20 1151 5
20 1152 4
20 1153 2
20 1154 3
20 1155 4
20 1156 5
20 1157 3
20 1158 4
20 1159 3
20 1160 3
20 1161 2
20 1162 5
20 1163 5
20 1164 1
20 1165 3
20 1166 4
20 1167 1
20 1168 4
20 1169 5
20 1170 3
20 1171 5
20 1172 5
20 195 3
21 1173 5
21 1174 3
21 1175 4
21 1176 1
21 1177 5
21 1178 4
21 1179 5
21 1180 5
21 1181 5
21 1182 2
21 1183 5
21 1184 5
21 1185 5
21 1186 3
21 1187 4
21 1188 5
21 1189 3
21 1190 3
21 1191 3
21 1192 2
21 1193 3
21 1194 5
21 1195 3
21 1196 5
21 1197 5
21 1198 5
21 1199 5
22 1200 5
22 1201 5
22 1202 5
22 1203 5
22 1204 3
22 1205 5
22 1206 5
22 1207 5
22 1208 5
22 1209 5
22 1210 4
22 1211 4
22 1212 4
22 1213 2
22 1214 5
22 1215 4
23 1030 4
23 1071 4
23 1093 5
23 1095 5
23 1103 5
23 1116 3
23 1121 5
23 1216 4
23 1217 5
23 1218 5
23 1219 4
23 1220 4
23 1221 5
23 1222 5
23 1223 5
23 1224 5
23 1225 5
23 1226 4
23 1227 4
23 1228 4
23 1229 5
23 1230 4
23 1231 3
23 1232 4
23 1233 5
23 1234 5
23 1235 4
23 1236 3
23 1237 4
23 1238 5
23 1239 5
23 1240 3
23 1241 4
23 1242 4
23 1243 4
23 1244 3
23 1245 2
23 1246 4
23 1247 3
23 1248 5
23 1249 5
23 1250 1
23 1251 3
23 1252 5
23 1253 3
23 1254 5
23 1255 4
23 1256 3
23 1257 2
23 1258 5
23 1259 2
23 1260 4
23 1261 4
23 1262 4
23 1263 5
23 1264 4
23 1265 4
23 1266 5
23 1267 5
23 1268 5
23 1269 3
23 1270 4
23 1271 4
23 1272 5
23 1273 4
23 1274 5
23 1275 4
23 1276 4
23 1277 3
23 1278 5
23 1279 5
23 1280 5
23 1281 5
23 1282 5
23 1283 4
23 1284 2
23 1285 4
23 1286 4
23 1287 4
23 1288 4
23 1289 4
23 1290 4
23 1291 5
23 1292 4
23 1293 4
23 1294 5
23 1295 4
23 1296 5
23 1297 2
23 1298 4
23 1299 4
23 1300 4
23 1301 2
23 1302 4
23 1303 5
23 1304 1
23 1305 1
23 1306 3
23 1307 2
23 1308 5
23 1309 5
23 1310 5
23 1311 4
23 1312 4
23 1313 4
23 1314 4
23 1315 4
23 1316 3
23 1317 4
23 1318 3
23 1319 5
23 1320 5
23 1321 5
23 1322 4
23 1323 5
23 1324 4
23 1325 4
23 1326 4
23 1327 4
23 1328 3
23 1329 3
23 1330 3
23 1331 4
23 1332 3
23 1333 2
23 1334 4
23 1335 4
23 1336 5
23 1337 3
23 1338 5
23 1339 4
23 1340 4
23 1341 4
23 1342 3
23 1343 5
23 1344 4
23 1345 5
23 1346 5
23 1347 5
23 1348 4
23 1349 4
23 1350 4
23 1351 4
23 1352 5
23 1353 5
23 1354 5
23 1355 3
23 1356 4
23 1357 4
23 1358 1
23 1359 5
23 1360 4
23 1361 5
23 1362 5
23 1363 4
23 1364 5
23 1365 4
23 1366 2
23 1367 5
23 1368 4
23 1369 3
23 1370 4
23 1371 5
23 1372 4
23 1373 4
23 1374 4
23 1375 5
23 1376 4
23 1377 4
23 1378 2
23 1379 5
23 1380 4
23 1381 5
23 1382 5
23 1383 3
23 1384 3
23 1385 5
23 1386 4
23 1387 5
23 1388 4
23 1389 4
23 1390 5
23 1391 3
23 1392 3
23 1393 5
23 1394 4
23 1395 4
23 1396 5
23 1397 4
23 1398 4
23 1399 3
23 1400 2
23 1401 3
23 1402 5
23 1403 4
23 1404 4
23 1405 4
23 1406 4
23 1407 4
23 1408 4
23 1409 4
23 1410 3
23 1411 3
23 1412 3
23 1413 5
23 1414 5
23 1415 5
23 1416 1
23 1417 5
23 1418 4
23 1419 5
23 1420 4
23 1421 5
23 1422 4
23 1423 4
23 1424 2
23 1425 5
23 1426 5
23 1427 4
23 1428 4
23 1429 3
23 1430 5
23 1431 3
23 1432 5
23 1433 4
23 1434 5
23 1435 3
23 1436 5
23 1437 4
23 1438 4
23 1439 5
23 1440 5
23 1441 5
23 1442 4
23 1443 5
23 1444 4
23 1445 4
23 1446 5
23 1447 5
23 1448 4
23 1449 5
23 1450 5
23 1451 4
23 1452 4
23 1453 5
23 1454 4
23 1455 3
23 1456 5
23 1457 5
23 1458 5
23 1459 5
23 1460 5
23 1461 4
23 1462 5
23 1463 5
23 1464 4
23 1465 2
23 1466 4
23 1467 5
23 1468 5
23 1469 5
23 1470 5
23 1471 2
23 1472 3
23 1473 5
23 1474 5
23 1475 4
23 1476 5
23 1477 4